                                 Open        High         Low       Close     Volume  Dividends  Stock Splits
Date                                                                                                         
2024-07-15 00:00:00-04:00  235.379203  236.125712  232.004984  233.308884   62631300       0.00           0.0
2024-07-16 00:00:00-04:00  233.906099  235.170191  231.248529  233.726944   43234300       0.00           0.0
2024-07-17 00:00:00-04:00  228.381929  230.382583  225.585012  227.814590   57345900       0.00           0.0
2024-07-18 00:00:00-04:00  229.208055  229.367314  221.235347  223.136444   66034600       0.00           0.0
2024-07-19 00:00:00-04:00  223.773474  225.744253  222.240634  223.265839   49151500       0.00           0.0
2024-07-22 00:00:00-04:00  225.953286  226.719706  222.051535  222.917496   48201800       0.00           0.0
2024-07-23 00:00:00-04:00  223.325565  225.883609  221.643430  223.962585   39960300       0.00           0.0
2024-07-24 00:00:00-04:00  222.957280  223.753559  216.119265  217.522690   61777600       0.00           0.0
2024-07-25 00:00:00-04:00  217.910900  219.821976  213.620965  216.477615   51391200       0.00           0.0
2024-07-26 00:00:00-04:00  217.681965  218.468296  215.004484  216.945419   41601300       0.00           0.0
2024-07-29 00:00:00-04:00  215.950081  218.279184  214.745706  217.224121   36311800       0.00           0.0
2024-07-30 00:00:00-04:00  218.169693  219.304386  215.113977  217.781509   41643800       0.00           0.0
2024-07-31 00:00:00-04:00  220.409214  222.778140  219.602987  221.046234   50036300       0.00           0.0
2024-08-01 00:00:00-04:00  223.325570  223.435059  216.009793  217.343552   62501000       0.00           0.0
2024-08-02 00:00:00-04:00  218.129861  224.549849  216.696577  218.836563  105568600       0.00           0.0
2024-08-05 00:00:00-04:00  198.163247  212.506173  195.087635  208.295868  119548600       0.00           0.0
2024-08-06 00:00:00-04:00  204.344342  209.012512  200.134036  206.265350   69660500       0.00           0.0
2024-08-07 00:00:00-04:00  205.936902  212.645533  205.429281  208.843323   63516400       0.00           0.0
2024-08-08 00:00:00-04:00  212.117981  213.202904  207.857906  212.317047   47161100       0.00           0.0
2024-08-09 00:00:00-04:00  211.112701  215.770909  210.983301  215.233429   42201600       0.00           0.0
2024-08-12 00:00:00-04:00  215.313158  218.741096  214.844804  216.768036   38028100       0.25           0.0
2024-08-13 00:00:00-04:00  218.242841  221.112757  218.242841  220.494934   44155300       0.00           0.0
2024-08-14 00:00:00-04:00  219.797394  222.248768  218.930431  220.943359   41960600       0.00           0.0
2024-08-15 00:00:00-04:00  223.813271  224.560644  221.979705  223.932846   46414000       0.00           0.0
2024-08-16 00:00:00-04:00  223.135650  226.035461  222.866592  225.258194   44340200       0.00           0.0
2024-08-19 00:00:00-04:00  224.929352  225.198411  222.258732  225.098755   40687800       0.00           0.0
2024-08-20 00:00:00-04:00  224.979170  226.374260  224.660283  225.716568   30299000       0.00           0.0
2024-08-21 00:00:00-04:00  225.726554  227.181432  224.261702  225.606964   34765500       0.00           0.0
2024-08-22 00:00:00-04:00  226.992090  227.540167  223.115717  223.743515   43695300       0.00           0.0
2024-08-23 00:00:00-04:00  224.869551  227.420581  223.544208  226.045410   38677300       0.00           0.0
2024-08-26 00:00:00-04:00  225.965705  226.483887  223.105762  226.384232   30602200       0.00           0.0
2024-08-27 00:00:00-04:00  225.208359  228.048382  224.102246  227.231247   35934600       0.00           0.0
2024-08-28 00:00:00-04:00  227.121624  229.054830  224.889465  225.696640   38052200       0.00           0.0
2024-08-29 00:00:00-04:00  229.294004  232.104118  228.078276  228.985077   51906300       0.00           0.0
2024-08-30 00:00:00-04:00  229.383695  229.592951  226.683181  228.197861   52990800       0.00           0.0
2024-09-03 00:00:00-04:00  227.749422  228.197843  220.395268  221.989670   50190600       0.00           0.0
2024-09-04 00:00:00-04:00  220.883576  221.003151  216.718210  220.076416   43840200       0.00           0.0
2024-09-05 00:00:00-04:00  220.853671  224.690176  220.744056  221.601044   36615400       0.00           0.0
2024-09-06 00:00:00-04:00  223.165535  224.451024  219.000184  220.046509   48423000       0.00           0.0
2024-09-09 00:00:00-04:00  220.046519  220.494940  215.950915  220.136200   67180000       0.00           0.0
2024-09-10 00:00:00-04:00  218.153155  220.704185  215.970824  219.338989   51591000       0.00           0.0
2024-09-11 00:00:00-04:00  220.684272  222.308552  217.126770  221.880066   44587100       0.00           0.0
2024-09-12 00:00:00-04:00  221.720611  222.766936  219.050006  221.989670   37498200       0.00           0.0
2024-09-13 00:00:00-04:00  222.796846  223.255226  221.132697  221.720627   36766600       0.00           0.0
2024-09-16 00:00:00-04:00  215.781502  216.459128  213.170684  215.562286   59357400       0.00           0.0
2024-09-17 00:00:00-04:00  214.994274  216.140240  213.748652  216.030624   45519300       0.00           0.0
2024-09-18 00:00:00-04:00  216.787961  221.929890  216.777986  219.916962   59894900       0.00           0.0
2024-09-19 00:00:00-04:00  224.201900  229.014983  223.843160  228.068298   66781300       0.00           0.0
2024-09-20 00:00:00-04:00  229.164454  232.273521  226.822680  227.400650  318679900       0.00           0.0
2024-09-23 00:00:00-04:00  226.543675  228.646285  225.019035  225.676727   54146000       0.00           0.0
2024-09-24 00:00:00-04:00  227.849078  228.546638  224.939308  226.573563   43556100       0.00           0.0
2024-09-25 00:00:00-04:00  224.142099  226.493832  223.235298  225.577057   42308700       0.00           0.0
2024-09-26 00:00:00-04:00  226.503807  227.699601  224.620428  226.723038   36636700       0.00           0.0
2024-09-27 00:00:00-04:00  227.659762  228.716047  226.503822  226.992096   34026000       0.00           0.0
2024-09-30 00:00:00-04:00  229.234215  232.183853  228.845581  232.183853   54541900       0.00           0.0
2024-10-01 00:00:00-04:00  228.716036  228.845571  222.956284  225.417633   63285000       0.00           0.0
2024-10-02 00:00:00-04:00  225.098744  226.573556  222.238802  225.985626   32880600       0.00           0.0
2024-10-03 00:00:00-04:00  224.351359  226.015507  222.537742  224.879501   34044200       0.00           0.0
2024-10-04 00:00:00-04:00  227.101707  227.201363  223.344924  226.005569   37245100       0.00           0.0
2024-10-07 00:00:00-04:00  223.713622  224.899456  220.554728  220.913467   39505400       0.00           0.0
2024-10-08 00:00:00-04:00  223.514320  225.188428  222.467995  224.979172   31855700       0.00           0.0
2024-10-09 00:00:00-04:00  224.441061  228.945233  224.042469  228.735962   33591100       0.00           0.0
2024-10-10 00:00:00-04:00  226.982136  228.696112  226.374272  228.237717   28183500       0.00           0.0
2024-10-11 00:00:00-04:00  228.496800  228.606415  226.543659  226.752930   31759200       0.00           0.0
2024-10-14 00:00:00-04:00  227.898908  230.918294  227.799268  230.489807   39882100       0.00           0.0
2024-10-15 00:00:00-04:00  232.791704  236.658118  231.556042  233.030869   64751400       0.00           0.0
2024-10-16 00:00:00-04:00  230.788747  231.306915  229.034902  230.968109   34082200       0.00           0.0
2024-10-17 00:00:00-04:00  232.612338  233.030880  229.712542  231.336823   32993800       0.00           0.0
2024-10-18 00:00:00-04:00  235.352693  235.352693  233.190296  234.176834   46431500       0.00           0.0
2024-10-21 00:00:00-04:00  233.628769  236.020371  233.628769  235.651657   36254500       0.00           0.0
2024-10-22 00:00:00-04:00  233.070728  235.392568  231.785253  235.033829   38846600       0.00           0.0
2024-10-23 00:00:00-04:00  233.260069  234.316353  226.962199  229.951691   52287000       0.00           0.0
2024-10-24 00:00:00-04:00  229.174415  230.011484  227.609922  229.762360   31109500       0.00           0.0
2024-10-25 00:00:00-04:00  228.935263  232.403068  228.765860  230.599411   38802300       0.00           0.0
2024-10-28 00:00:00-04:00  232.502737  233.907786  231.735430  232.582443   36087100       0.00           0.0
2024-10-29 00:00:00-04:00  232.283506  233.509193  231.506239  232.851501   35417200       0.00           0.0
2024-10-30 00:00:00-04:00  231.795209  232.652197  228.745930  229.294006   47070900       0.00           0.0
2024-10-31 00:00:00-04:00  228.536661  229.024950  224.580566  225.118683   64370100       0.00           0.0
2024-11-01 00:00:00-04:00  220.195974  224.560636  219.498429  222.129181   65276700       0.00           0.0
2024-11-04 00:00:00-05:00  220.215914  222.009597  218.940399  221.232330   44944500       0.00           0.0
2024-11-05 00:00:00-05:00  221.023083  223.165546  220.365391  222.667297   28111300       0.00           0.0
2024-11-06 00:00:00-05:00  221.830235  225.278121  220.415210  221.939850   54561100       0.00           0.0
2024-11-07 00:00:00-05:00  223.843159  227.081774  223.783371  226.683167   42137700       0.00           0.0
2024-11-08 00:00:00-05:00  226.623320  228.109740  225.865154  226.413834   38328800       0.25           0.0
2024-11-11 00:00:00-05:00  224.458550  225.156863  220.966973  223.690399   42005600       0.00           0.0
2024-11-12 00:00:00-05:00  224.009636  225.047127  222.822498  223.690399   40398300       0.00           0.0
2024-11-13 00:00:00-05:00  223.470918  226.104564  222.223926  224.578247   48566200       0.00           0.0
2024-11-14 00:00:00-05:00  224.478495  228.319221  224.458539  227.670792   44923900       0.00           0.0
2024-11-15 00:00:00-05:00  225.855167  226.373920  223.730303  224.458542   47923700       0.00           0.0
2024-11-18 00:00:00-05:00  224.707930  229.187130  224.628120  227.471268   44686000       0.00           0.0
2024-11-19 00:00:00-05:00  226.433777  229.606133  226.114555  227.730652   36211800       0.00           0.0
2024-11-20 00:00:00-05:00  227.511173  229.376668  225.346397  228.448914   35169600       0.00           0.0
2024-11-21 00:00:00-05:00  228.329212  229.606130  225.166842  227.970078   42108300       0.00           0.0
2024-11-22 00:00:00-05:00  227.511176  230.164779  227.511176  229.316818   38168300       0.00           0.0
2024-11-25 00:00:00-05:00  230.903006  232.688691  229.187143  232.309601   90152800       0.00           0.0
2024-11-26 00:00:00-05:00  232.768491  235.003106  232.768491  234.494324   45986200       0.00           0.0
2024-11-27 00:00:00-05:00  233.905755  235.122820  233.247339  234.364639   33498400       0.00           0.0
2024-11-29 00:00:00-05:00  234.244925  237.237706  233.406951  236.758865   28481400       0.00           0.0
2024-12-02 00:00:00-05:00  236.699019  240.210537  236.589283  239.013428   48137100       0.00           0.0
2024-12-03 00:00:00-05:00  239.232909  242.175806  238.325095  242.066071   38861000       0.00           0.0
2024-12-04 00:00:00-05:00  242.285539  243.522560  240.669442  242.425201   44383900       0.00           0.0
2024-12-05 00:00:00-05:00  243.402850  243.951514  241.547325  242.455124   40033900       0.00           0.0
2024-12-06 00:00:00-05:00  242.325439  244.041301  241.497434  242.255600   36870600       0.00           0.0
2024-12-09 00:00:00-05:00  241.248046  246.645031  241.168237  246.156204   44649200       0.00           0.0
2024-12-10 00:00:00-05:00  246.295865  247.612695  244.749592  247.173752   36914800       0.00           0.0
2024-12-11 00:00:00-05:00  247.363299  250.196461  245.667378  245.896835   45205800       0.00           0.0
2024-12-12 00:00:00-05:00  246.295864  248.141418  245.088769  247.363297   32777500       0.00           0.0
2024-12-13 00:00:00-05:00  247.223631  248.690080  245.647432  247.532883   33155300       0.00           0.0
2024-12-16 00:00:00-05:00  247.393234  250.775076  247.054041  250.435883   51694800       0.00           0.0
2024-12-17 00:00:00-05:00  249.478183  253.219159  249.178902  252.869995   51356400       0.00           0.0
2024-12-18 00:00:00-05:00  251.553189  253.668083  247.143828  247.453079   56774100       0.00           0.0
2024-12-19 00:00:00-05:00  246.904406  251.393577  246.495389  249.188889   60882300       0.00           0.0
2024-12-20 00:00:00-05:00  247.443103  254.386361  245.098768  253.877594  147495300       0.00           0.0
2024-12-23 00:00:00-05:00  254.156919  255.034791  252.840088  254.655716   40858800       0.00           0.0
2024-12-24 00:00:00-05:00  254.875189  257.588630  254.675658  257.578674   23234700       0.00           0.0
2024-12-26 00:00:00-05:00  257.568678  259.474086  257.010028  258.396667   27237100       0.00           0.0
2024-12-27 00:00:00-05:00  257.209530  258.077462  252.451019  254.974930   42355300       0.00           0.0
2024-12-30 00:00:00-05:00  251.623005  252.889953  250.146571  251.593079   35557500       0.00           0.0
2024-12-31 00:00:00-05:00  251.832511  252.670486  248.829744  249.817368   39480700       0.00           0.0
2025-01-02 00:00:00-05:00  248.330961  248.500565  241.238085  243.263199   55740700       0.00           0.0
2025-01-03 00:00:00-05:00  242.774368  243.592387  241.307905  242.774368   40244100       0.00           0.0
2025-01-06 00:00:00-05:00  243.722074  246.734810  242.614744  244.410416   45045600       0.00           0.0
2025-01-07 00:00:00-05:00  242.395272  244.959095  240.769205  241.627136   40856000       0.00           0.0
2025-01-08 00:00:00-05:00  241.337830  243.123531  239.472335  242.115952   37628900       0.00           0.0
2025-01-10 00:00:00-05:00  239.432429  239.582077  232.439303  236.280045   61710900       0.00           0.0
2025-01-13 00:00:00-05:00  232.968021  234.105277  229.167192  233.835922   49630700       0.00           0.0
2025-01-14 00:00:00-05:00  234.185076  235.551775  231.910564  232.718613   39435300       0.00           0.0
2025-01-15 00:00:00-05:00  234.075339  238.384950  233.865838  237.297562   39832000       0.00           0.0
2025-01-16 00:00:00-05:00  236.778830  237.437230  227.481251  227.710693   71759100       0.00           0.0
2025-01-17 00:00:00-05:00  231.561409  231.730998  227.930169  229.426559   68488300       0.00           0.0
2025-01-21 00:00:00-05:00  223.460945  223.879933  218.852068  222.104218   98070400       0.00           0.0
2025-01-22 00:00:00-05:00  219.261080  223.580662  219.261080  223.291367   64126500       0.00           0.0
2025-01-23 00:00:00-05:00  224.199183  226.483666  221.765053  223.121780   60234800       0.00           0.0
2025-01-24 00:00:00-05:00  224.239068  225.087029  220.877183  222.243881   54697900       0.00           0.0
2025-01-27 00:00:00-05:00  223.480912  231.591337  223.440999  229.306854   94863400       0.00           0.0
2025-01-28 00:00:00-05:00  230.294474  239.611994  230.254561  237.686630   75707600       0.00           0.0
2025-01-29 00:00:00-05:00  233.556586  239.282778  233.446850  238.783981   45486100       0.00           0.0
2025-01-30 00:00:00-05:00  238.095637  240.210530  236.639159  237.018234   55658300       0.00           0.0
2025-01-31 00:00:00-05:00  246.595158  246.595158  232.878246  235.432083  101075100       0.00           0.0
2025-02-03 00:00:00-05:00  229.436535  231.272103  225.156850  227.461288   73063300       0.00           0.0
2025-02-04 00:00:00-05:00  226.703129  232.568984  226.104567  232.239777   45067300       0.00           0.0
2025-02-05 00:00:00-05:00  227.980062  232.110099  227.720693  231.910583   39620300       0.00           0.0
2025-02-06 00:00:00-05:00  230.733404  233.237374  229.875473  232.658768   29925300       0.00           0.0
2025-02-07 00:00:00-05:00  232.040255  233.436880  226.713094  227.082214   39707200       0.00           0.0
2025-02-10 00:00:00-05:00  229.269351  230.288004  226.902445  227.351852   33115600       0.25           0.0
2025-02-11 00:00:00-05:00  227.901144  234.921936  227.831243  232.315353   53718400       0.00           0.0
2025-02-12 00:00:00-05:00  230.897211  236.649678  230.377888  236.559784   45243300       0.00           0.0
2025-02-13 00:00:00-05:00  236.599739  242.022621  235.261498  241.213684   53614100       0.00           0.0
2025-02-14 00:00:00-05:00  240.934044  245.228416  240.674390  244.279663   40896200       0.00           0.0
2025-02-18 00:00:00-05:00  243.830253  244.858903  241.523281  244.149841   48822500       0.00           0.0
2025-02-19 00:00:00-05:00  244.339585  245.687808  242.841549  244.549301   32204200       0.00           0.0
2025-02-20 00:00:00-05:00  244.619223  246.456809  243.970065  245.508057   32316900       0.00           0.0
2025-02-21 00:00:00-05:00  245.627894  248.364311  244.898854  245.228424   53197400       0.00           0.0
2025-02-24 00:00:00-05:00  244.609226  248.534087  244.099900  246.776398   51326400       0.00           0.0
2025-02-25 00:00:00-05:00  247.675211  249.672591  244.589261  246.716461   48013300       0.00           0.0
2025-02-26 00:00:00-05:00  244.010014  244.659156  238.816827  240.045212   44433600       0.00           0.0
2025-02-27 00:00:00-05:00  239.096465  242.142473  236.749536  236.989227   41153600       0.00           0.0
2025-02-28 00:00:00-05:00  236.639674  241.772942  229.898515  241.523270   56833400       0.00           0.0
2025-03-03 00:00:00-05:00  241.473332  243.710404  235.800778  237.718262   47184000       0.00           0.0
2025-03-04 00:00:00-05:00  237.398700  239.755610  234.372654  235.621017   53798100       0.00           0.0
2025-03-05 00:00:00-05:00  235.111686  236.240211  228.929790  235.431274   47227600       0.00           0.0
2025-03-06 00:00:00-05:00  234.132971  237.548490  232.854649  235.021805   45170400       0.00           0.0
2025-03-07 00:00:00-05:00  234.802092  241.053888  234.452544  238.756912   46273600       0.00           0.0
2025-03-10 00:00:00-04:00  235.231525  235.850724  223.926358  227.182083   72071200       0.00           0.0
2025-03-11 00:00:00-04:00  223.516893  225.544233  217.165221  220.550781   76137400       0.00           0.0
2025-03-12 00:00:00-04:00  219.851697  221.459589  214.628550  216.695831   62547500       0.00           0.0
2025-03-13 00:00:00-04:00  215.667189  216.556022  208.147051  209.405396   61368300       0.00           0.0
2025-03-14 00:00:00-04:00  210.973347  213.669808  209.305536  213.210419   60107600       0.00           0.0
2025-03-17 00:00:00-04:00  213.030643  214.938145  209.695021  213.719742   48073400       0.00           0.0
2025-03-18 00:00:00-04:00  213.879529  214.868223  211.213028  212.411453   42432400       0.00           0.0
2025-03-19 00:00:00-04:00  213.939446  218.473494  213.470061  214.958115   54385400       0.00           0.0
2025-03-20 00:00:00-04:00  213.709754  217.205170  211.942068  213.819611   48862900       0.00           0.0
2025-03-21 00:00:00-04:00  211.282927  218.553392  211.003295  217.984146   94127800       0.00           0.0
2025-03-24 00:00:00-04:00  220.710569  221.189936  218.293740  220.440918   44299500       0.00           0.0
2025-03-25 00:00:00-04:00  220.480877  223.806518  219.791778  223.456970   34493600       0.00           0.0
2025-03-26 00:00:00-04:00  223.217271  224.725303  220.181259  221.239868   34466100       0.00           0.0
2025-03-27 00:00:00-04:00  221.100054  224.695345  220.271139  223.556839   37094800       0.00           0.0
2025-03-28 00:00:00-04:00  221.379691  223.516888  217.394911  217.614624   39818600       0.00           0.0
2025-03-31 00:00:00-04:00  216.725791  225.324516  215.946814  221.839096   65299300       0.00           0.0
2025-04-01 00:00:00-04:00  219.522127  223.387054  218.613315  222.897705   36412700       0.00           0.0
2025-04-02 00:00:00-04:00  221.030160  224.895087  220.730550  223.596786   35905900       0.00           0.0
2025-04-03 00:00:00-04:00  205.270818  207.218276  200.986443  202.923904  103419000       0.00           0.0
2025-04-04 00:00:00-04:00  193.636079  199.618240  187.094654  188.133301  125910900       0.00           0.0
2025-04-07 00:00:00-04:00  176.967935  193.895735  174.391312  181.222366  160466300       0.00           0.0
2025-04-08 00:00:00-04:00  186.455496  190.090729  168.988411  172.194199  120859500       0.00           0.0
2025-04-09 00:00:00-04:00  171.724805  200.347274  171.664886  198.589584  184395900       0.00           0.0
2025-04-10 00:00:00-04:00  188.822401  194.524915  182.760343  190.170624  121880000       0.00           0.0
2025-04-11 00:00:00-04:00  185.856281  199.278667  185.816325  197.890488   87435900       0.00           0.0
2025-04-14 00:00:00-04:00  211.163092  212.661128  200.896557  202.254776  101352900       0.00           0.0
2025-04-15 00:00:00-04:00  201.595643  203.243476  199.538343  201.875275   51343900       0.00           0.0
2025-04-16 00:00:00-04:00  198.100219  200.437151  192.118058  194.015579   59732400       0.00           0.0
2025-04-17 00:00:00-04:00  196.941744  198.569614  194.165386  196.722031   51334300       0.00           0.0
2025-04-21 00:00:00-04:00  193.016885  193.546189  189.561409  192.907028   46742500       0.00           0.0
2025-04-22 00:00:00-04:00  195.863154  201.325992  195.713357  199.478424   52976400       0.00           0.0
2025-04-23 00:00:00-04:00  205.730222  207.727603  202.534416  204.332062   52929200       0.00           0.0
2025-04-24 00:00:00-04:00  204.621669  208.556511  202.674226  208.097107   47311000       0.00           0.0
2025-04-25 00:00:00-04:00  206.099728  209.475306  205.929952  209.005920   38222300       0.00           0.0
2025-04-28 00:00:00-04:00  209.724976  211.223011  207.188309  209.864792   38743100       0.00           0.0
2025-04-29 00:00:00-04:00  208.416691  211.962045  208.097103  210.933395   36827600       0.00           0.0
2025-04-30 00:00:00-04:00  209.025904  213.300298  206.399343  212.221710   52286500       0.00           0.0
2025-05-01 00:00:00-04:00  208.806182  214.279000  208.626409  213.040634   57365700       0.00           0.0
2025-05-02 00:00:00-04:00  205.820091  206.718922  201.895245  205.081070  101010600       0.00           0.0
2025-05-05 00:00:00-04:00  202.834025  203.832716  197.950430  198.629532   69018500       0.00           0.0
2025-05-06 00:00:00-04:00  197.950420  200.387212  196.761976  198.250015   51216500       0.00           0.0
2025-05-07 00:00:00-04:00  198.909155  199.178806  192.996910  195.992981   68536700       0.00           0.0
2025-05-08 00:00:00-04:00  197.461064  199.788014  194.425036  197.231369   50478900       0.00           0.0
2025-05-09 00:00:00-04:00  198.739390  200.277366  197.281295  198.270004   36453900       0.00           0.0
2025-05-12 00:00:00-04:00  210.970001  211.270004  206.750000  210.789993   63775800       0.26           0.0
2025-05-13 00:00:00-04:00  210.429993  213.399994  209.000000  212.929993   51909300       0.00           0.0
2025-05-14 00:00:00-04:00  212.429993  213.940002  210.580002  212.330002   49325800       0.00           0.0
2025-05-15 00:00:00-04:00  210.949997  212.960007  209.539993  211.449997   45029500       0.00           0.0
2025-05-16 00:00:00-04:00  212.360001  212.570007  209.770004  211.259995   54737900       0.00           0.0
2025-05-19 00:00:00-04:00  207.910004  209.479996  204.259995  208.779999   46140500       0.00           0.0
2025-05-20 00:00:00-04:00  207.669998  208.470001  205.029999  206.860001   42496600       0.00           0.0
2025-05-21 00:00:00-04:00  205.169998  207.039993  200.710007  202.089996   59211800       0.00           0.0
2025-05-22 00:00:00-04:00  200.710007  202.750000  199.699997  201.360001   46742400       0.00           0.0
2025-05-23 00:00:00-04:00  193.669998  197.699997  193.460007  195.270004   78432900       0.00           0.0
2025-05-27 00:00:00-04:00  198.300003  200.740005  197.429993  200.210007   56288500       0.00           0.0
2025-05-28 00:00:00-04:00  200.589996  202.729996  199.899994  200.419998   45339700       0.00           0.0
2025-05-29 00:00:00-04:00  203.580002  203.809998  198.509995  199.949997   51396800       0.00           0.0
2025-05-30 00:00:00-04:00  199.369995  201.960007  196.779999  200.850006   70819900       0.00           0.0
2025-06-02 00:00:00-04:00  200.279999  202.130005  200.119995  201.699997   35423300       0.00           0.0
2025-06-03 00:00:00-04:00  201.350006  203.770004  200.960007  203.270004   46381600       0.00           0.0
2025-06-04 00:00:00-04:00  202.910004  206.240005  202.100006  202.820007   43604000       0.00           0.0
2025-06-05 00:00:00-04:00  203.500000  204.750000  200.149994  200.630005   55126100       0.00           0.0
2025-06-06 00:00:00-04:00  203.000000  205.699997  202.050003  203.919998   46607700       0.00           0.0
2025-06-09 00:00:00-04:00  204.389999  206.000000  200.020004  201.449997   72862600       0.00           0.0
2025-06-10 00:00:00-04:00  200.600006  204.350006  200.570007  202.669998   54672600       0.00           0.0
2025-06-11 00:00:00-04:00  203.500000  204.500000  198.410004  198.779999   60989900       0.00           0.0
2025-06-12 00:00:00-04:00  199.080002  199.679993  197.360001  199.199997   43904600       0.00           0.0
2025-06-13 00:00:00-04:00  199.729996  200.369995  195.699997  196.449997   51447300       0.00           0.0
2025-06-16 00:00:00-04:00  197.300003  198.690002  196.559998  198.419998   43020700       0.00           0.0
2025-06-17 00:00:00-04:00  197.199997  198.389999  195.210007  195.639999   38856200       0.00           0.0
2025-06-18 00:00:00-04:00  195.940002  197.570007  195.070007  196.580002   45394700       0.00           0.0
2025-06-20 00:00:00-04:00  198.240005  201.699997  196.860001  201.000000   96813500       0.00           0.0
2025-06-23 00:00:00-04:00  201.630005  202.300003  198.960007  201.500000   55814300       0.00           0.0
2025-06-24 00:00:00-04:00  202.589996  203.440002  200.199997  200.300003   54064000       0.00           0.0
2025-06-25 00:00:00-04:00  201.449997  203.669998  200.619995  201.559998   39525700       0.00           0.0
2025-06-26 00:00:00-04:00  201.429993  202.639999  199.460007  201.000000   50799100       0.00           0.0
2025-06-27 00:00:00-04:00  201.889999  203.220001  200.000000  201.080002   73188600       0.00           0.0
2025-06-30 00:00:00-04:00  202.009995  207.389999  199.259995  205.169998   91912800       0.00           0.0
2025-07-01 00:00:00-04:00  206.669998  210.190002  206.139999  207.820007   78788900       0.00           0.0
2025-07-02 00:00:00-04:00  208.910004  213.339996  208.139999  212.440002   67941800       0.00           0.0
2025-07-03 00:00:00-04:00  212.149994  214.649994  211.809998  213.550003   34955800       0.00           0.0
2025-07-07 00:00:00-04:00  212.679993  216.229996  208.800003  209.949997   50229000       0.00           0.0
2025-07-08 00:00:00-04:00  210.100006  211.429993  208.449997  210.009995   42848900       0.00           0.0
2025-07-09 00:00:00-04:00  209.529999  211.330002  207.220001  211.139999   48749400       0.00           0.0
2025-07-10 00:00:00-04:00  210.509995  213.479996  210.029999  212.410004   44443600       0.00           0.0
2025-07-11 00:00:00-04:00  210.570007  212.130005  209.860001  211.160004   39765800       0.00           0.0
2025-07-14 00:00:00-04:00  209.929993  210.910004  207.539993  208.619995   38711400       0.00           0.0